65.509499 80.692879
68.025002 83.009399
65.019997 73.265221
62.030499 75.776802
58.858002 71.232597
55.849998 68.157600
54.619999 66.423599
54.049999 66.423599
51.180000 65.297096
53.474998 65.297096
57.830002 71.848198
56.560001 67.610199
60.700001 70.222000
58.325001 70.222000
58.750000 70.510201
60.832001 72.115898
63.160000 74.997597
62.650002 74.389900
60.250000 70.612099
61.430000 72.856300
63.185001 74.699203
65.184998 76.926102
64.055000 75.832001
64.680000 75.891296
65.260002 75.341904
64.806702 75.384399
64.970001 75.327400
65.269997 75.843300
64.305000 74.083199
64.010002 71.900398
67.809998 76.916000
67.955002 77.038696
67.790001 76.578400
68.735001 77.999001
70.035004 78.150101
68.349998 77.476097
65.084999 74.577301
67.764999 76.976601
66.372498 76.294899
66.989998 75.945099
65.684998 74.587601
65.315002 74.096199
65.029999 74.065598
65.250000 74.431801
63.330002 72.299103
63.084999 71.604401
63.724998 71.278801
61.639999 70.130898
61.875000 70.356697
61.660000 70.402397
63.570000 72.296898
62.735001 71.550797
61.470001 69.736397
61.134998 68.510498
61.160000 69.077400
62.669998 69.932503
61.845001 69.203102
61.830002 68.640999
60.919998 67.095703
60.380001 65.528801
60.770000 65.893997
62.044998 66.882599
62.360001 64.997597
61.259998 65.001503
62.345001 65.321198
62.250000 65.751198
61.416698 65.191299
59.345001 64.126404
60.035000 64.007202
59.235001 64.167297
58.705002 64.298897
57.740002 62.900398
57.402500 62.980400
57.310001 62.421101
57.895000 63.189701
57.525002 62.359299
58.152000 62.498501
57.553001 62.043999
56.550999 61.269600
56.691002 61.269600
55.449001 61.269600
54.919998 59.552799
53.645000 57.845699
51.983002 55.319401
52.239498 56.838200
52.082699 55.006901
50.990002 54.188301
49.797001 53.178398
49.764000 53.558300
51.985001 56.078602
53.369999 57.175499
53.577000 57.114498
51.799999 55.316502
50.810001 54.664501
50.859001 55.086498
51.903000 56.037498
51.099998 56.529499
50.989700 56.281502
51.584999 57.444500
51.370201 57.192501
51.968601 57.810501
50.553001 56.245499
50.898701 57.442501
50.258999 56.206501
50.918999 56.903500
51.153400 56.279499
49.988998 56.067501
49.308998 55.935501
50.056999 56.819500
49.426498 56.437500
49.076000 55.544498
49.503502 55.178501
49.514000 55.076500
49.910000 55.536301
49.965000 55.119400
49.952999 55.076542
50.889000 55.459702
51.980000 56.643398
52.529999 57.632542
52.316002 57.290501
53.542999 57.923500
52.705700 58.677502
54.257000 59.738499
56.354000 62.379501
56.239700 62.235500
55.939999 62.484501
55.543499 62.534500
54.299999 60.897499
54.683701 61.177502
55.010502 61.560501
54.505501 61.367500
53.660999 60.205502
53.669998 60.818501
53.240002 58.800499
54.040001 60.299500
53.919998 59.884499
53.770000 59.982498
54.490002 60.852501
54.678001 61.223499
54.810501 60.559502
55.650700 61.910500
55.214699 61.443501
55.804199 61.380501
55.487999 61.564400
55.955502 61.525501
56.853500 62.457500
56.625000 62.164501
57.470001 63.442501
57.219501 63.272499
56.259998 62.297501
56.510700 61.570499
56.430000 61.847500
56.860001 62.040501
56.904999 61.846401
56.939999 61.670502
56.931999 61.766499
56.919998 62.000500
57.139999 62.500500
57.830700 63.337502
58.346001 63.935501
59.573002 66.199799
59.903500 66.018501
58.520000 64.000504
59.675499 65.330498
61.630699 67.514503
63.500000 69.364502
63.110001 68.002502
63.382999 69.057503
64.480003 69.742500
64.480003 68.385498
62.889999 69.454399
64.122002 69.202499
64.121201 71.457497
64.522003 72.082603
64.906700 72.067902
65.388199 71.513031
65.785004 72.411186
66.535698 73.670433
68.129997 75.370064
69.107498 78.553299
70.751503 82.307022
69.309196 79.397507
68.904999 77.809761
66.069000 73.078827
65.294998 71.611687
64.280701 71.975014
66.482697 73.934280
66.771698 73.650513
67.140701 74.611557
68.392502 76.160027
69.149002 75.689651
67.861198 73.898148
68.406502 76.681976
67.684502 76.145393
67.763199 76.888702
67.540001 75.536011
66.782501 74.992363
65.257698 73.346687
65.397499 74.598701
66.440002 75.133904
66.041000 73.543137
65.820000 73.408699
66.019997 73.129700
66.080002 73.850800
65.445000 73.053978
66.059196 73.456108
65.709999 73.642448
65.387497 72.673721
65.625702 72.499168
65.991997 73.922043
64.772202 72.178787
63.391499 70.584969
62.250000 67.304901
61.307499 69.043808
61.662498 70.197899
62.219200 70.025703
63.002499 70.932167
62.582500 71.935799
61.358002 69.743713
61.187500 68.968338
62.380001 70.186760
62.045200 69.994011
62.950001 71.342903
62.507500 69.334900
62.321701 68.513298
62.950001 69.660767
65.419998 72.193199
63.935001 69.908699
64.190002 68.043503
64.120003 69.362984
63.605000 70.042099
62.630001 68.389572
63.084999 67.938957
62.250000 67.887627
64.404999 68.432892
64.595001 69.394386
64.415001 69.053497
65.364998 69.988403
66.453499 71.118500
66.820000 69.792397
65.087502 69.443398
64.917503 68.868401
64.845001 68.661598
64.544998 69.238098
64.620003 61.788700
66.059998 61.788700
65.445000 67.773499
65.555000 69.770203
65.559998 69.018501
66.419998 69.089996
66.410004 69.923897
66.639999 70.588898
67.400002 70.352097
67.582497 73.413902
68.070000 73.283897
69.370003 74.968903
69.300003 75.238899
69.320000 76.065903
66.171501 71.769203
70.209999 74.310204
70.540001 76.928902
70.488503 76.388901
70.000000 75.075798
70.915001 76.603897
70.925003 75.626801
70.839996 77.689003
71.300003 77.744003
69.514999 75.863998
69.514999 76.309097
70.245003 75.401604
72.184998 77.810699
72.197502 75.114899
73.230003 79.977699
73.230003 79.853951
73.400002 76.557198
73.122498 78.535202
0.716200 78.630898
74.595001 80.083603
74.595001 80.469803
74.794998 81.286102
76.001999 82.449097
76.525002 82.817200
76.212997 82.642097
76.292999 82.822502
77.707001 85.104301
79.360001 85.984352
78.612503 85.547791
81.820000 89.158813
82.900002 89.225197
78.370003 84.706001
79.839996 86.149384
78.230003 85.377800
77.848999 85.093399
76.550003 84.018951
75.440002 81.311447
77.260002 83.404030
79.714996 87.187698
76.930000 86.741447
76.769997 85.178719
77.250000 86.491501
78.940002 86.991623
79.589996 88.998947
78.370003 88.046448
79.767502 91.182480
78.309998 88.436501
77.500000 86.111450
77.809998 86.741447
74.860001 83.739609
76.349998 83.715088
77.370003 84.290001
77.370003 83.135910
76.099998 84.045067
75.735001 83.764198
75.180000 83.036301
76.339996 82.472878
74.404999 81.498947
73.279999 80.351448
73.349998 79.533951
73.089996 79.982719
73.089996 79.548950
73.089996 78.723953
71.870003 80.583946
70.982002 78.091904
71.148003 79.286453
69.904999 76.958450
70.260002 77.606453
71.089996 78.543953
69.834999 77.373947
68.120003 76.811447
68.330002 77.188202
67.860001 76.361450
67.250000 75.637848
68.714996 76.760803
68.580002 76.332771
68.239998 76.368446
68.410004 76.653954
68.065002 76.294327
67.680000 77.281998
67.000000 75.648949
67.500000 77.077301
68.650002 78.105698
68.750000 77.853951
67.849998 76.938950
68.029999 77.016502
67.074997 76.534698
66.750000 76.218948
65.184998 73.843246
65.989998 74.246452
65.930000 73.782570
66.500000 77.096451
66.449997 74.283951
65.879997 74.328949
65.675003 73.541451
66.660004 75.437599
66.760002 74.268951
66.559998 74.508949
65.764999 73.458946
65.110001 73.252213
64.559998 73.091454
64.559998 72.084503
64.559998 75.101448
66.349998 76.398949
66.584000 76.256447
65.973999 74.148949
65.862000 74.111450
66.290001 75.761452
66.096001 74.661926
65.044998 73.916451
64.830002 73.346451
65.482002 74.081451
64.884003 73.466904
64.719002 72.813950
65.745003 73.961449
66.720001 74.403450
66.845001 74.868896
66.787003 74.829002
66.410004 73.443947
65.425003 72.626450
65.824997 73.578949
66.150002 73.154404
65.668999 72.737831
66.827003 73.908951
66.910004 74.673950
67.059998 74.238953
65.653999 73.713951
65.239998 73.773949
64.620003 73.340492
63.718899 72.446449
64.195999 72.150917
65.302002 72.760246
65.684998 73.863953
66.059998 74.034401
65.252998 73.796204
65.574997 73.496452
64.750000 73.176949
64.264999 72.438950
63.936001 71.658951
64.768997 72.281448
63.764999 71.868942
65.287498 72.041451
65.400002 71.771446
64.040001 70.818253
63.814999 70.491852
63.959999 70.543152
63.790001 70.360001
63.830002 70.998947
64.434998 71.059151
64.264999 71.208946
64.679001 71.261452
63.834999 70.534271
64.180000 70.436447
63.799999 69.780190
63.849998 70.796448
62.887501 69.423248
63.340000 69.983253
62.812000 69.446449
63.627998 69.783951
63.799999 70.128952
64.367996 70.731583
64.815002 70.706451
65.435997 71.935600
65.800003 72.499298
65.797501 73.069901
66.583000 73.796448
65.987503 73.567253
66.930000 74.583946
66.709999 74.636452
66.199997 73.698952
65.709999 72.699249
65.546997 72.228951
64.599998 71.271248
64.760002 71.726448
64.900002 72.378952
64.349998 71.593697
64.360802 71.387459
64.007698 71.328949
63.834900 71.831451
63.839199 71.988953
63.641102 72.101448
63.750000 75.879150
64.771500 73.263947
64.592400 72.686447
65.085800 73.001450
64.808800 72.941452
64.712601 71.919449
64.618599 72.161453
65.309700 72.770699
65.280701 72.693947
65.853996 73.793999
65.198097 72.674599
64.830002 72.406799
64.426697 72.583099
64.185204 72.018951
63.991600 71.835449
64.550499 71.553398
64.694199 72.228043
65.365097 73.158951
65.144402 73.300201
64.482903 72.506447
65.041496 72.166649
64.590103 72.196602
64.721497 72.116447
63.891201 71.208946
63.636600 71.372398
64.026703 71.696449
63.854099 71.688950
63.885502 71.396446
63.065201 70.668953
63.080002 70.496452
62.871899 70.571449
62.288101 69.738953
62.687500 70.203949
62.274101 69.899803
62.101601 69.230103
62.080399 69.341454
62.021301 69.011452
62.662102 69.243950
63.503101 69.318947
63.009602 69.348953
62.776699 68.756447
63.066399 69.356453
62.731800 68.976997
62.258598 68.376602
62.375801 68.250298
62.285000 67.668953
62.186901 67.173950
62.411999 67.623947
62.770401 68.463951
62.678200 68.366203
63.041901 68.898949
63.268200 69.093948
63.323898 69.965202
63.536598 70.475403
63.561401 70.417252
64.360100 71.238953
63.597900 70.409897
63.742401 70.023949
63.598598 68.463951
65.557602 70.751450
65.753304 70.841454
66.147003 70.773949
64.455399 68.794380
64.474899 68.906448
64.833099 68.801453
64.857803 68.313950
63.952202 68.002502
63.711300 67.496452
64.297798 67.661453
64.499702 68.140198
64.881203 68.651451
64.782898 68.628952
65.135002 69.266449
64.071297 67.578949
63.900002 68.118950
63.815102 67.016449
63.781502 68.343948
63.812302 67.503952
63.266102 68.028954
63.261799 67.216400
62.480301 65.975899
60.965000 64.256012
60.527500 63.797939
61.860001 64.628822
61.750000 64.106728
62.116199 63.337799
61.900002 63.901218
61.398701 63.108990
61.139999 63.390060
60.966900 63.079781
61.022499 63.833988
60.931400 62.834499
60.605000 62.933891
60.476299 62.458820
60.341301 62.684811
61.231300 64.076279
61.228298 64.056503
60.923000 63.111469
60.365002 62.432350
59.401199 62.352619
59.564999 62.233082
60.102501 63.579411
60.139999 62.832870
59.778099 62.848850
59.432499 62.499050
59.637001 63.416302
59.782001 63.195770
59.330002 63.194111
59.523201 62.850361
59.660000 63.160858
59.799801 63.882301
59.510101 64.047997
59.139801 63.611000
59.566799 63.577209
60.279301 63.726650
59.777500 64.071297
59.718300 63.181801
60.155499 64.620392
60.091400 64.267441
59.366199 63.518791
58.946098 63.579399
58.900101 63.305450
59.442600 63.116951
59.173100 62.815891
58.961201 62.338322
58.222301 61.821018
57.925598 60.957920
57.039700 60.104519
57.330502 60.627769
57.566502 60.480820
58.317001 61.524422
57.910702 61.342602
57.394199 60.267330
57.919498 61.011532
57.734299 60.852119
58.363098 61.253658
58.183498 61.409382
58.352100 61.092209
58.236301 61.166061
58.719799 61.488590
58.187000 61.698601
58.233299 61.329201
58.136501 61.203548
58.872501 62.117699
59.256901 62.435341
59.068199 62.941502
58.774399 62.921532
59.186001 63.018829
58.380798 62.781281
57.770199 62.097431
57.154099 61.459301
57.303600 61.654121
57.590500 62.157372
57.732399 62.344501
57.354500 61.894218
56.968601 61.557301
56.878399 61.880791
56.967899 61.708118
56.651299 60.947498
55.984299 60.196381
56.234600 60.075401
56.084801 60.001492
55.949799 59.907520
56.414299 59.888828
56.398499 59.993698
57.375999 60.593300
57.104500 60.713371
57.028099 60.654160
56.621601 60.368061
56.258900 59.794060
56.302898 59.656200
55.882401 59.566059
56.196499 60.116520
56.567902 60.448101
56.109402 60.464760
56.426498 60.324299
55.779900 60.642658
56.060001 61.410290
57.097000 61.925720
56.972000 62.189091
56.931999 62.008202
56.973801 62.045101
57.054699 62.159012
57.325401 62.453602
58.360001 63.735260
58.047001 63.779800
58.205002 63.673882
58.418999 63.434429
57.439602 62.479961
57.070400 62.021881
57.081799 62.357800
56.333500 61.846661
56.426998 62.740299
57.071301 63.313919
57.525799 64.021950
56.926998 63.499199
56.600300 63.617962
56.303699 63.122349
56.345901 63.154091
56.801399 63.443748
56.481499 63.136600
56.462200 62.906479
56.530800 63.365799
56.710400 63.849178
56.379299 63.154888
56.606098 63.833099
56.581100 63.688320
56.485298 63.713428
57.041302 63.974709
56.873299 63.767410
57.012402 63.813801
57.000099 63.777370
56.877701 63.653961
57.425999 64.421021
57.799999 64.373238
57.709400 64.602203
58.421101 65.070099
59.560001 66.311661
60.240002 66.689148
59.843498 66.728981
59.423401 65.620903
58.894199 66.042572
59.351501 66.541786
59.216702 67.501343
59.419998 67.651047
58.880600 67.248199
59.234901 67.464912
59.358501 67.323540
60.178501 68.053452
60.099998 68.256317
60.347900 68.829002
60.759998 69.632942
59.900002 68.523598
59.748402 68.253700
59.061501 67.731102
59.290001 68.072159
59.079899 68.345673
58.947102 67.879936
58.889999 68.672882
59.227501 69.179100
59.970001 69.847702
59.952499 69.761497
59.540901 69.376572
59.372002 69.243637
59.479198 69.969200
59.730000 70.767838
60.174400 71.097107
60.490002 71.842598
60.295502 71.424652
59.935501 70.523102
59.955299 70.828499
59.789200 70.177872
60.070599 70.614639
59.989300 70.422974
59.789299 70.705002
59.811100 70.231163
59.750999 70.132629
59.411201 69.499969
59.039799 69.397697
58.895000 69.430801
59.072601 69.750366
58.977001 69.415367
58.972599 69.673157
59.130501 69.892891
58.563301 69.471703
58.430000 70.072037
58.762798 70.630379
58.455101 69.530609
57.976700 68.997177
57.465500 68.193703
57.737999 68.854073
57.551601 68.275688
57.341000 68.462349
56.911800 68.494926
57.317299 69.020798
57.215599 68.410912
57.627800 69.017548
57.907700 68.804070
57.529499 68.265572
57.672600 68.626602
58.071098 69.286133
58.080299 69.695053
58.114700 69.259148
57.863499 69.216026
57.596901 68.799500
57.553799 68.260803
57.858898 68.114029
58.168999 68.308121
57.889801 68.308121
57.521099 68.308121
57.876900 68.308121
57.909801 68.041100
57.646000 67.808800
57.707199 67.625198
58.175999 68.257401
58.251701 68.450302
57.938301 68.508102
57.801102 68.573601
57.637402 68.289398
57.203999 67.536102
57.194099 67.497299
57.274899 67.443703
57.375301 67.694901
57.238201 67.866798
57.544800 67.679100
57.488400 67.644897
57.615200 67.775200
57.715302 68.254799
57.840900 67.349403
58.096401 67.381203
57.900200 67.492599
58.229698 67.885498
58.209801 67.720200
58.261600 67.916801
58.933300 68.423599
58.255901 67.687103
59.340900 68.865097
59.111000 68.669296
59.310001 69.085602
59.199902 69.001602
59.367599 69.302200
60.310902 71.184998
59.664398 70.308701
59.098999 69.600998
59.368698 69.719597
59.105701 69.399803
58.380901 69.033997
58.420601 69.269203
58.375000 69.514297
58.434898 69.603699
58.383202 69.210403
58.596699 69.483200
58.447800 69.564201
58.801701 70.029701
58.771000 69.779999
58.763401 69.574799
59.155300 69.869904
59.196800 69.764503
59.079800 69.694801
58.912899 69.424400
59.184299 69.533798
58.550201 69.338501
58.811501 69.280899
58.595001 69.114601
58.639900 69.122597
58.743698 69.559898
58.697701 69.748703
58.410301 69.290199
58.285500 69.136002
58.037701 68.063797
57.637199 68.429703
57.741699 68.759399
57.568901 68.788300
57.604801 69.209801
57.583000 69.178398
57.528000 69.310501
57.119301 68.651001
56.972301 68.800400
56.988998 68.609299
57.090900 68.378998
56.859901 67.866501
57.020901 68.215897
56.503201 68.076500
56.548698 68.785202
56.310001 69.100403
56.445900 69.289803
56.865002 69.318901
56.493698 69.170898
56.592499 69.272598
56.460400 69.242996
56.347198 69.411400
56.183601 69.685501
55.880699 69.298798
56.207001 69.815399
56.279598 69.717003
56.317799 69.954803
56.178699 69.784203
55.942902 70.013100
56.414001 70.277603
57.286499 70.874397
56.847099 70.427696
57.809601 70.942001
58.283600 71.481796
58.317699 71.703598
57.751301 71.109703
57.618000 71.181000
56.694401 70.721298
56.386799 70.509697
56.441002 69.981102
56.378201 69.956902
56.514099 69.738800
56.713402 69.684502
56.465000 69.636597
56.322601 69.259003
55.628799 68.549301
56.219200 68.794502
56.320599 68.702301
56.786800 69.716599
56.952999 70.034698
56.412800 69.628502
56.837601 70.607803
56.787701 70.516502
57.082600 70.287903
56.653500 69.762001
56.866402 70.177002
57.043900 70.735001
56.937698 70.603500
57.411800 70.699303
57.460499 70.647697
57.728802 71.246101
57.503300 70.458702
56.835701 70.223297
57.310398 70.718498
57.116501 70.691498
57.215302 71.325897
57.405602 71.275002
57.718700 71.092598
57.254200 70.456001
57.111599 70.667999
57.436798 70.806297
57.624001 70.720703
57.668999 70.554497
57.632500 70.666100
58.068501 71.367500
60.618999 74.732399
62.915798 77.850304
62.410099 77.253700
62.016300 76.499802
62.014999 76.459000
61.222801 75.861603
61.514702 76.153503
60.835701 75.341003
60.954201 75.287598
61.362000 75.362801
61.781700 75.460098
61.509998 75.329201
62.400902 75.983002
62.676300 75.921501
62.320202 75.291100
62.933102 76.151901
63.397999 76.111099
63.751499 76.548698
62.950699 75.498802
62.445301 74.660797
62.875500 75.067001
63.461498 75.028801
63.026100 74.703903
61.700401 73.550400
61.767601 73.612999
61.820599 73.794899
62.236000 73.612503
61.649601 72.873398
62.132900 73.303802
62.343498 73.228203
61.531200 72.533203
61.198002 72.174004
61.285500 71.798401
61.526501 72.148300
62.142799 72.665298
62.289799 72.457298
62.866699 72.577698
62.097000 72.468102
62.304401 72.917900
62.150299 72.473701
62.020901 72.602997
62.071602 72.821899
61.676601 72.730499
62.341499 73.552902
62.383999 73.384201
62.758499 73.923599
63.040100 74.055000
62.543499 73.828903
62.562000 72.394699
62.980202 73.178902
63.373100 73.740601
63.808800 73.984497
63.561699 73.628998
63.843899 73.903900
62.942001 73.225197
62.753502 73.468300
63.078602 73.503601
63.095001 73.009499
62.833900 72.676003
62.938999 73.221100
63.805401 73.809601
63.116501 73.602303
63.330101 73.895203
63.150002 73.829803
62.904099 73.953903
62.377102 73.489998
61.759399 72.473999
62.335300 72.820000
62.219101 72.599998
62.485001 72.997498
62.312000 72.958000
62.619701 73.009003
62.999100 73.387001
63.581402 74.141998
63.368198 74.408302
62.945400 73.658997
63.343102 74.050003
62.791100 73.735001
62.918499 73.288002
62.696602 73.147400
62.206402 72.851997
62.216900 72.985001
62.943298 73.472000
63.290901 73.374001
63.305302 73.214302
63.685398 73.647003
63.482201 73.692001
65.562401 76.162003
66.563202 76.741997
67.815201 77.131699
67.591599 77.168999
66.844002 75.272003
67.287804 76.342003
66.834503 76.035004
67.045898 76.750298
66.961700 76.992996
67.268997 77.848999
68.022003 78.834000
68.199203 78.736000
67.114700 78.124199
67.435799 78.787003
67.776497 79.258003
67.909798 79.627998
68.202698 79.610001
67.558998 78.187698
67.898399 78.916000
68.134003 78.961998
68.149002 79.325996
69.145798 80.371002
69.702797 80.405769
70.537300 81.810997
69.374901 80.476997
68.908096 80.158997
68.238899 79.855003
68.005798 79.209999
68.130402 79.518997
67.334702 78.668999
66.790199 78.021004
66.336197 78.161003
66.562698 78.034203
65.871300 77.389000
65.734497 77.336998
65.812500 77.351997
65.536003 76.306000
65.583504 76.009003
64.936401 75.213997
65.388298 75.580002
65.897598 75.648003
66.818398 77.022003
66.567902 76.720100
66.632698 76.606003
66.201797 76.171997
66.900703 77.199997
66.219803 76.808998
65.957703 76.436096
65.539902 75.966003
65.287903 75.588997
65.513603 75.364998
65.783501 75.403999
65.516800 75.402496
65.167503 74.748001
65.515099 75.212997
65.522003 74.750999
65.494499 74.536003
65.781097 74.902000
65.778900 74.875000
65.472000 74.286003
65.714798 74.412003
65.651199 74.907997
66.061600 75.337402
66.029900 75.363998
66.013000 75.588997
66.157501 75.690002
66.868301 76.052002
67.853401 76.784302
67.818802 76.153999
67.938599 76.873001
67.058098 75.865997
65.872002 74.595001
65.990196 75.383102
65.557602 75.120003
66.050598 75.167000
65.666199 74.851997
65.597298 74.874001
66.506599 75.048203
67.089600 76.094002
67.017303 75.765999
66.917503 76.191002
66.069702 75.307999
66.706299 75.861298
66.552101 75.591003
66.809998 75.793999
66.488197 75.486000
66.812302 76.056999
66.325897 75.631500
66.653900 75.737000
66.366203 75.174004
66.377403 75.524002
66.315903 75.393997
66.640701 75.394997
66.637398 75.651001
67.395203 76.680000
67.412003 76.754997
68.247498 78.231003
68.720802 78.440399
68.613800 78.223999
68.720398 78.385002
68.647903 78.269699
69.557198 79.560997
69.521202 79.499702
69.174004 79.927002
68.892502 78.398598
69.025803 78.097000
68.859100 78.266998
67.566002 77.064697
66.748299 76.670998
66.886497 76.690002
66.652702 77.035004
66.867203 76.988998
66.852203 76.675102
66.985397 76.889999
67.013496 76.570000
66.316002 75.622002
66.346703 75.619003
66.204903 75.265198
66.363503 75.471001
66.476196 75.572998
66.037102 75.238998
65.730400 74.382004
65.746300 75.230598
66.209801 75.716003
65.963303 75.442001
65.414398 75.153999
65.363297 74.861000
65.451797 74.965797
65.541298 74.992996
65.607101 74.878998
65.777496 74.806000
65.893700 74.737000
65.400299 74.408096
65.770302 74.226997
65.830101 74.638000
66.515800 74.953003
66.622902 75.291000
66.205299 75.123413
66.202698 74.907997
65.765701 74.639000
65.629898 74.510002
65.649902 74.472000
65.404503 74.133102
65.567902 74.530998
65.648102 74.820000
65.725800 74.817001
65.825600 74.949997
65.824699 74.855698
65.659103 74.473000
65.789398 74.430000
65.924103 74.617996
66.253899 74.234001
66.349701 74.463799
65.831100 74.158997
65.583504 74.054001
65.337700 74.073997
65.443100 74.041000
64.795799 73.351379
64.330597 72.973000
64.330200 73.079002
63.800701 72.943001
63.793999 72.641998
64.501297 72.909698
64.019501 72.473000
64.306900 72.532997
64.815598 72.969002
64.908699 72.930000
65.602203 73.653297
65.211098 73.097000
65.316597 73.230003
65.182800 73.323997
65.392899 73.430000
65.363403 73.201797
64.874199 73.061996
64.862503 73.070000
64.239197 72.461998
64.568703 72.735001
64.347603 72.665497
64.308701 72.733002
64.016998 72.274002
63.854401 72.189003
63.896099 71.762001
63.988098 71.983704
63.784500 71.791901
63.669701 71.491997
64.387100 71.853996
64.609398 71.983002
64.631500 72.239304
64.431801 72.110001
64.558800 72.532700
64.724098 72.535004
65.365997 73.070000
65.326897 72.814903
65.279198 73.150002
65.366798 73.181999
65.024498 72.848999
65.202003 73.177002
65.143799 73.316818
65.289398 73.344002
64.858597 72.682999
64.644402 72.475998
64.627296 72.240997
64.683899 72.235298
64.461098 72.022003
nan 71.836998
64.345596 71.806999
64.826599 72.541000
64.435898 72.201302
64.340797 72.056000
64.633797 72.216003
64.920799 72.348999
65.213898 72.650002
65.555199 73.041298
65.303101 73.474998
65.129997 73.344002
65.278503 73.321999
65.032799 73.364998
64.828400 73.499397
64.701202 73.273003
64.550301 73.175003
64.776398 73.196999
64.518097 72.814003
64.328201 72.109802
64.298698 72.209000
63.957699 71.657997
63.731998 71.651001
62.867199 71.058998
63.056999 71.704597
62.529900 71.319000
62.866100 71.504997
63.005600 71.704002
63.057400 71.735001
62.958302 71.656700
62.908401 71.070000
63.270699 71.469002
63.280899 71.443001
63.431702 71.620003
63.727001 71.587097
63.654099 71.414001
63.813202 71.531998
63.116001 71.095001
62.795700 70.679001
63.110199 70.964699
62.646400 70.584000
62.963799 70.623001
62.902199 70.663002
62.854099 70.791000
62.976200 70.650902
63.001099 70.630997
63.165100 70.471001
63.245098 70.504997
63.151299 70.453003
63.176601 70.527496
63.414200 70.696999
63.490799 70.879997
63.564602 70.425003
64.299896 71.263000
65.226501 72.392998
65.719902 73.931999
65.254303 73.139999
65.329201 73.237999
65.077202 72.835999
65.278801 73.326302
65.412598 73.403999
64.880501 72.556999
66.046501 73.634003
66.052399 73.420998
66.358200 73.751801
66.935204 74.218002
66.419403 73.753998
65.766296 72.973000
65.529503 72.666000
66.243698 73.569504
66.093201 73.406998
66.411301 73.682999
66.745102 74.011002
66.491501 73.558998
66.737999 73.247704
66.756798 73.237999
66.745697 73.273003
66.191200 73.084000
66.167099 73.033997
65.758499 72.464401
65.514702 72.417000
65.317299 72.171997
65.421600 72.102997
64.728600 71.587997
63.899601 71.195099
63.968300 70.421997
64.288101 71.260002
64.210899 70.838997
63.979198 70.706001
63.952499 70.478897
63.768902 70.142998
64.000099 70.519997
64.149803 70.294998
64.215103 70.177002
64.622101 70.730003
64.820503 70.689003
65.229698 71.344002
65.216499 71.483002
65.076401 71.452003
64.664398 71.010201
64.944099 71.293999
65.155403 71.438004
65.017303 71.450996
64.392700 70.920998
64.239601 70.796501
64.252403 70.875702
64.278198 70.946297
64.082703 71.001198
64.064903 71.287598
63.890202 71.248802
63.725101 71.096603
63.652699 70.854797
63.903801 71.175400
64.034798 71.140503
63.825699 70.732201
63.683498 70.709396
63.941799 71.086304
63.750801 71.112900
64.091301 71.540298
63.401699 70.852402
63.449100 70.639603
63.447800 70.281303
63.815498 70.686203
63.744099 70.282898
63.802502 70.302399
63.835602 70.470100
64.228203 70.766899
64.281502 70.819603
63.892899 70.441803
63.703300 70.413803
63.855801 70.738503
63.837399 70.756500
63.787899 70.697601
63.669998 70.481796
63.797901 70.394600
63.898102 70.399399
63.940701 70.507401
63.958099 70.422997
64.056198 70.576897
64.292000 70.815697
64.171600 71.105103
64.091202 71.071899
63.859100 70.806503
63.675800 70.741798
63.630001 70.309097
63.514301 70.309303
63.485199 70.456100
63.304001 70.488197
62.674801 70.136597
62.863998 69.890404
62.439999 69.598099
62.408798 69.663399
62.612801 69.678596
62.321899 69.356201
62.222599 68.863602
62.292198 69.115501
61.919998 68.618401
61.811699 68.618301
62.175999 69.022400
62.051201 69.389999
61.971100 69.455299
62.028301 69.446198
61.830002 68.986801
61.694199 68.928802
62.029999 69.279198
61.775002 69.187897
61.930901 69.165901
61.261902 68.102501
61.266102 68.105904
61.005001 67.015999
61.188000 68.124199
61.402599 68.308601
61.344398 68.452599
61.577499 68.684601
61.567402 68.293900
61.568600 68.344704
61.859699 68.618103
61.877998 68.718597
61.892799 68.455498
62.131001 68.514702
62.893902 69.343498
62.213299 68.605103
62.516499 68.880798
63.196098 69.726402
63.890301 70.788200
63.653099 70.453201
62.926201 69.506798
62.838799 69.149902
63.270000 69.507599
64.129303 70.169899
64.078300 69.961800
63.324299 69.180603
63.198002 68.860298
63.634499 68.978600
63.525101 68.980499
63.465500 68.807297
63.865700 68.962700
63.520699 68.685600
64.126198 69.212601
64.054100 69.537300
65.323700 70.836197
65.278397 71.041298
65.451302 71.253098
66.269096 72.932098
67.130997 73.840302
66.255699 73.994797
66.179604 73.990601
66.192001 73.813103
67.539398 75.828598
72.050003 81.955200
74.640999 85.135696
71.050201 80.772003
73.114998 82.547203
74.898102 83.649101
73.237999 81.054298
74.356300 83.270103
75.297501 82.762901
80.919998 88.683197
78.965599 84.454399
79.838699 85.068604
79.442802 85.533798
78.263199 84.496300
78.328499 85.289200
77.440300 85.471100
78.652000 87.434196
79.589203 87.816803
78.414200 86.576103
78.666199 86.369598
77.099503 83.662804
77.097504 83.025757
75.955597 82.069801
75.535103 82.045303
75.048103 81.545601
74.263802 81.196899
73.663300 80.663300
73.602898 80.337997
73.015404 80.242798
74.818497 81.716202
74.197403 80.018501
74.065102 80.490303
75.409203 82.009903
76.920097 83.615997
75.930099 82.024696
74.915001 80.511597
74.593300 80.639900
74.464996 80.613800
74.147400 80.217598
73.065399 79.510300
74.338501 81.354202
75.427498 82.784599
74.724899 81.362801
73.698601 79.946701
74.464996 80.550797
73.888702 80.144997
73.393402 79.616600
73.621399 79.682701
73.602699 79.848396
73.947800 80.150597
73.509697 79.335403
73.596901 79.602501
72.690598 79.333199
72.491898 79.226799
71.211700 78.192299
70.904800 77.749901
71.574402 78.032700
71.618797 78.101997
70.759499 77.710098
71.022301 78.076599
70.504898 78.130302
70.160103 78.098198
69.076401 76.878998
68.660103 76.843399
68.497498 76.890198
69.027298 78.327499
68.136803 77.563599
68.090599 77.019699
68.586304 77.755402
68.417397 77.810898
70.067596 79.135002
69.506401 78.315598
69.572502 78.909401
69.586899 78.246696
69.727997 78.314903
69.920197 78.299400
69.647102 77.728500
69.091797 77.797302
68.724297 77.767502
69.490501 78.137001
69.058296 77.458603
69.724297 78.273102
69.973000 78.912300
71.150703 79.957802
70.858704 79.514702
70.588303 79.210098
71.331100 80.132896
71.788002 81.245300
71.410004 80.553299
71.204102 80.805099
70.744400 79.891296
70.697502 79.289299
70.771599 80.329102
70.958099 80.792702
71.004303 81.097504
71.548401 81.525398
71.825302 82.194801
71.490700 81.946098
70.697098 81.576401
71.129898 82.338799
71.304901 82.714203
71.709999 83.384399
71.540100 84.232201
72.474098 84.965202
72.475800 85.434998
73.321503 87.084297
74.355003 87.401703
73.036697 85.931396
73.388901 86.745903
72.814400 86.489601
73.162300 86.906303
73.714996 86.814301
73.526001 86.337700
73.064903 85.785500
73.778099 87.050598
72.914497 86.196098
72.957199 86.246498
73.630203 87.472900
73.045998 87.308998
73.256599 86.791901
73.868797 87.700699
74.730003 88.167297
74.599998 88.023804
75.308899 89.167099
75.587303 89.532097
74.984100 88.660599
74.130203 88.016899
73.812897 88.158798
73.559601 87.742302
75.462700 89.434097
75.295197 89.208298
75.317299 89.048302
75.718102 89.528000
76.237000 89.740898
75.323700 88.945099
75.143501 88.976997
74.864998 88.718300
75.206299 89.288101
75.200500 89.101700
74.860100 88.400101
74.957199 88.842499
75.548500 89.604500
76.292198 89.447899
76.018997 89.043198
76.797302 89.570396
77.026398 89.906197
78.103798 90.851898
79.161400 92.485100
78.965103 92.757500
77.665604 91.040398
77.206200 90.719902
78.139999 91.586304
78.109398 92.127701
78.372803 91.996002
78.082497 91.898300
77.279602 90.967697
76.838501 90.763000
77.000198 90.997200
77.025902 90.484200
77.715401 91.305496
77.920700 91.269302
77.516998 91.250298
77.588203 91.338600
77.282204 91.454002
76.678902 90.928299
76.538399 90.463097
76.169502 90.326302
76.449501 90.312202
77.286598 91.091904
79.052002 92.910797
78.838303 92.094101
79.470901 92.537003
80.521896 93.767998
79.049896 93.007301
77.563698 91.030296
76.887199 90.894402
77.316498 91.870201
76.263702 90.222397
76.462402 90.411797
77.047501 90.794800
77.074501 91.019402
77.317902 91.431099
76.276299 90.499298
76.209503 90.444397
75.884399 89.954102
76.165199 90.418503
76.178902 90.301003
75.961700 90.037598
75.417900 89.761803
75.445999 90.116302
75.649902 90.143700
75.991501 90.861603
76.404800 91.241798
75.958504 91.688797
75.110703 91.031197
74.488899 90.512199
73.855003 89.675201
73.746101 89.410004
73.340500 88.842300
73.611298 88.945503
73.078201 88.787804
73.031998 88.481201
74.121300 89.686096
73.278503 89.097099
73.347900 89.493301
73.090401 89.681000
73.481003 89.956200
74.551300 91.623802
75.878098 92.507004
75.020203 91.487701
74.029999 90.168297
73.954903 90.077003
73.930496 90.302498
74.021400 90.733101
74.522003 91.471497
73.911201 90.416000
74.127403 91.172600
74.475403 91.278198
74.135101 91.324898
74.091499 91.463898
74.595100 91.527496
74.402000 90.689201
74.628098 90.789497
73.440201 89.697701
73.848900 89.849403
73.325302 89.131897
73.598602 88.888702
73.929802 89.326500
73.771004 89.584900
73.453400 89.026703
73.947701 90.006500
75.314903 91.644699
75.282204 91.456902
75.070099 91.342003
75.873398 91.871201
76.166603 92.337799
75.881798 92.030701
76.113602 91.895500
76.220497 91.780403
75.885498 91.394897
75.490700 90.369598
74.607903 89.831200
74.322899 89.584702
73.876701 89.550598
73.866501 89.548302
73.639000 89.366898
73.573196 89.324303
73.332001 89.008003
73.541603 88.967903
73.715698 88.828201
73.833801 89.336800
74.143600 89.802101
74.224503 90.320801
74.070801 90.048798
73.494698 89.484703
74.706299 90.881699
74.670998 90.219101
74.251503 89.473701
73.788803 89.206398
74.014297 89.226303
74.555000 89.250000
74.327202 88.636490
74.474602 88.296898
74.029503 88.113701
73.523903 87.710197
73.300301 87.880501
73.318497 87.543098
72.735001 86.777298
72.867996 86.753403
73.654800 88.290604
74.321602 88.606003
74.153702 88.401199
74.795898 89.278801
76.331398 90.381500
76.616203 90.547302
76.117104 89.683601
75.661102 89.549004
75.654602 89.071404
75.903999 89.018799
75.674896 88.781097
76.264297 89.973198
76.415199 89.799599
76.434097 90.141701
77.000504 91.718399
77.158096 91.642799
76.792000 91.528603
77.387001 92.128601
77.291199 92.092499
75.918503 90.795601
76.014198 91.128502
76.078499 91.099602
75.955002 89.938202
76.272102 91.888100
76.822998 92.474899
76.569000 92.220100
75.505501 90.753601
74.908203 90.602798
74.975197 90.604698
74.779198 90.442200
74.363503 90.278000
74.729301 90.643600
75.197502 90.394699
74.894302 90.309601
74.732300 89.807404
74.803703 89.853996
74.188698 89.550003
73.570702 89.727898
74.276497 90.217102
74.167397 90.142303
74.600502 90.141403
73.997803 89.400902
73.957703 89.804649
73.782600 89.735603
73.671402 90.079597
73.731697 89.769501
73.469002 89.855598
73.612801 89.617104
73.438904 89.736504
73.471497 90.016800
73.539001 89.696899
73.440201 89.583801
73.194702 89.304604
73.398399 89.826302
73.515404 89.853104
73.145103 89.344704
73.214500 88.847000
73.001602 88.684998
72.792503 88.775902
72.243103 87.979698
72.302002 88.091103
71.740997 87.365997
72.063301 87.355499
72.020302 87.341103
72.209396 87.588303
72.565399 87.079597
72.389198 86.248596
72.797997 86.342201
73.088997 87.100800
72.862000 87.005402
72.630798 86.682098
72.296997 86.264801
72.209999 85.149300
72.204399 86.166298
72.722397 86.579300
73.054497 86.650497
73.456902 87.072998
73.214897 86.887100
73.396301 87.107002
74.498802 88.112999
74.699203 88.116402
74.711700 88.544197
74.253197 88.237503
74.366898 88.258598
74.334602 87.565300
74.126297 87.746902
74.368698 87.877403
74.058998 87.417000
74.661400 88.081398
74.347298 87.628799
73.941200 87.234398
73.655098 86.743500
73.677002 86.598602
73.680901 87.036598
73.709099 87.168503
73.438698 87.032501
73.153000 87.015999
73.087898 86.701401
72.958099 86.664398
72.939697 86.609100
73.178596 86.662804
73.120903 86.570900
73.503197 86.344299
73.620598 86.441299
73.921997 86.661201
73.401497 86.221001
73.538399 86.338303
73.150101 86.324097
73.282700 86.345398
73.595703 86.213402
73.843498 86.451797
74.275101 86.763603
74.195099 86.922997
74.080498 87.036797
73.761497 86.728500
73.769997 86.875099
74.267502 87.326897
73.401199 86.772499
73.416496 86.646301
73.272598 86.568100
72.981300 86.454002
73.008904 86.647697
72.772202 86.418999
72.968201 86.679398
73.363197 86.883698
73.245697 86.605400
72.862000 86.188904
73.096100 86.408798
72.643997 85.829399
72.879601 86.053101
72.240601 85.418098
72.472504 85.300903
72.808502 85.481598
73.360001 86.062202
73.001503 85.616203
72.915901 85.253197
72.672997 85.366898
72.696899 85.236099
72.584602 84.930496
72.839203 85.159897
72.845901 84.547203
72.717201 84.200996
72.745003 84.421700
72.479897 84.238602
72.290901 83.860901
72.394600 83.687897
71.783501 83.010498
71.753304 82.993698
71.835098 83.065201
71.846497 82.889297
71.969002 83.499397
71.367500 82.754601
71.031502 82.402802
71.189003 82.711700
70.828598 82.420502
70.819099 82.558098
71.116600 82.699501
70.352501 81.778297
69.805901 81.073601
69.453796 80.575401
70.580498 81.905998
70.142403 81.982697
70.823402 81.862099
71.579903 83.075203
71.605400 82.947899
71.695602 83.317596
71.405998 82.542900
71.273201 82.313599
71.219803 82.561897
70.704498 82.017998
71.238602 81.863899
71.564003 81.958504
72.859299 83.397903
72.482803 82.415604
73.097504 82.763199
72.558701 82.190697
73.065002 83.099197
73.532997 82.990501
74.970398 84.312798
74.271500 83.553001
74.932999 83.986603
74.528297 83.573601
75.519997 85.529404
74.439201 84.095596
74.079002 83.966698
74.246002 84.077904
73.619499 83.269302
73.867798 83.653397
74.348198 83.925797
73.990303 83.446999
73.523499 83.443100
73.614998 83.217796
73.408699 83.095200
73.462502 82.933800
73.793404 83.109398
73.601303 83.127098
73.760201 83.478500
74.062599 83.349899
74.063499 83.556503
73.869598 83.411697
73.611298 83.522102
73.298798 83.053299
73.610001 83.247101
73.359001 83.147202
73.667503 83.375198
73.974998 84.025497
74.531502 84.419701
74.986000 85.392097
74.371803 84.168297
75.263000 84.954300
76.661598 86.747101
76.353699 86.276497
75.445999 85.686996
74.856003 84.850800
74.453697 84.663002
74.564499 85.337402
76.306000 87.449699
76.324501 87.090698
76.061996 86.822197
76.808502 87.051498
76.316597 86.603104
76.091301 86.860100
77.405998 87.823196
78.653503 89.102303
78.735703 89.033897
79.199600 89.063103
78.072502 87.042397
77.735802 86.697601
77.307800 86.990601
76.691597 86.489998
76.172997 86.110603
76.411499 87.415802
75.827797 86.862000
75.417397 86.320396
75.035500 85.729797
74.710197 85.369400
75.027298 85.667900
77.454399 87.936600
76.485497 86.509598
75.473000 85.691002
75.034500 85.375801
76.128601 86.563004
77.365799 87.662804
80.383003 90.940804
78.809502 89.314499
81.414398 91.753799
84.915001 95.058800
83.261002 93.814400
104.973503 120.345497
108.479500 121.071899
102.714996 113.200104
109.464996 120.010498
108.845100 124.099297
138.965103 145.901093
129.964996 136.343094
138.714996 142.310898
133.464996 142.309296
132.088699 144.825607
119.964996 144.825104
108.277496 144.823502
100.965103 144.818298
103.089996 144.772903
132.088699 144.825607
106.614998 144.824493
105.964996 144.823700
96.714996 144.826706
102.214996 144.749496
100.839996 144.441895
97.965103 110.513000
87.464996 96.757103
83.464996 92.483597
81.714996 89.962601
84.214996 90.856102
83.714996 93.067101
83.964996 92.245003
82.089996 97.208000
79.214996 86.160004
85.089996 84.999397
83.464996 86.295998
85.339996 90.282799
82.389999 86.698700
82.589996 88.420998
80.714996 88.420998
81.089996 88.420998
80.964996 84.272598
82.739998 86.143501
80.839996 86.208000
77.339996 82.823997
75.739998 78.357597
74.214996 77.058899
73.839996 75.293999
72.714996 75.110497
73.315002 77.275002
70.565002 75.068001
67.214897 75.068001
66.964996 71.872704
64.790001 69.470100
68.964996 69.946297
69.839996 69.946297
69.839996 69.946297
66.714996 70.712799
65.089996 66.840500
66.464996 65.483200
64.589996 66.312202
64.964996 67.353996
64.214996 67.892899
62.090000 66.379204
62.465000 62.653999
58.540001 61.988400
57.089901 58.970402
60.315102 60.856998
64.214996 67.065697
66.464996 71.388000
64.589897 65.805000
62.715000 65.315201
63.465000 67.595200
63.465000 67.454399
63.215000 67.014000
61.340000 66.050003
62.464901 65.172600
59.965099 63.855999
57.965000 61.146999
110.674103 61.111000
57.715000 58.476002
58.340000 59.522999
57.215000 57.699200
57.339901 58.828800
56.715000 61.700001
54.715000 57.979198
53.840000 58.091202
54.965000 55.282001
54.465000 55.201801
53.365002 56.168701
53.090000 55.100498
53.714901 55.862099
52.465099 53.709202
54.840000 55.165401
53.237499 119.526802
54.500000 57.525600
63.465099 60.218800
63.514999 63.789200
63.040001 63.196999
64.864998 66.216003
60.919998 61.700100
58.389999 58.869499
58.439999 59.366001
58.240002 57.844002
110.674103 57.491001
57.715000 57.396999
56.465000 57.248199
54.965099 55.344002
57.965000 57.586800
58.090000 58.506199
58.465000 59.380600
60.090000 58.890900
59.340000 60.730202
62.465000 60.304699
62.215000 63.701000
60.169998 62.562401
60.790001 61.889900
62.685101 62.637402
61.465000 61.375000
60.490002 61.951401
61.840000 61.063202
60.439999 61.883801
61.465000 61.732300
60.590000 63.089401
62.215000 61.775101
60.500000 61.805599
61.465000 62.837898
60.465000 60.049999
59.965000 60.292301
59.465000 59.720001
60.090000 59.060001
60.215000 57.650799
59.790001 59.022099
60.340000 58.630501
60.264999 59.096001
61.715000 59.453098
59.965000 59.687599
60.090000 58.868000
60.174999 60.115898
60.174999 59.981701
60.974998 59.597401
61.240002 59.548599
64.264900 59.925900
61.465000 59.310299
62.185001 59.947701
59.625000 60.734299
58.500000 59.768600
59.689999 58.147301
59.590000 58.375099
59.500000 59.925900
60.040001 59.107899
60.400002 58.785900
61.564999 59.573799
61.465000 59.243599
57.215000 56.037498
58.465000 55.153000
58.865002 55.318001
58.415100 54.529202
57.465000 55.341202
60.215000 56.449402
57.990002 56.627602
58.990002 57.857399
61.289902 58.549999
60.490002 58.497799
64.334999 58.761700
61.965000 59.187302
64.125000 61.703800
63.689999 61.668201
63.964901 60.753799
62.615002 60.525200
62.014999 58.936901
62.264999 60.123299
60.965000 59.397701
61.615002 59.313099
61.615002 59.450001
61.215000 58.865101
62.215000 60.119598
61.240002 61.142601
61.290001 61.223202
61.490002 60.671398
62.014999 60.509998
61.714901 60.590801
61.665001 60.367599
62.314999 59.966099
61.965000 59.966099
63.165001 59.884102
60.939999 60.487701
61.615002 60.832100
60.715000 60.155602
60.514999 61.769001
59.535000 61.732399
61.365101 62.513199
60.740002 62.537601
60.365002 61.334702
60.814999 62.232601
60.625000 61.990299
60.630001 61.821602
60.764999 62.209999
60.330002 62.464401
60.465000 62.379002
61.814999 62.361698
60.810001 61.811100
60.990002 62.707901
61.180000 63.187599
60.514999 64.862503
60.514999 65.295403
60.514999 65.572601
63.464901 65.086998
63.365002 65.200401
62.480000 65.490196
62.625000 64.872803
63.180000 65.357300
64.714996 66.107597
64.614998 66.993599
64.839996 67.329903
69.714996 70.325401
69.250000 72.961899
73.214996 75.363197
68.214996 76.224098
70.214996 73.501999
68.330002 74.289597
69.964996 74.909798
72.714996 76.730400
73.964996 76.125504
73.714996 75.867203
70.995499 75.805801
73.014999 77.033997
72.464996 75.835602
72.114998 75.911697
72.464996 77.175400
69.879997 75.035301
69.639999 74.819504
69.119003 75.680496
67.750000 73.610001
65.964996 72.521599
68.714996 74.452003
68.464996 73.906998
68.714996 74.228302
69.364998 75.180000
68.214996 74.094498
68.945000 75.963600
69.415001 75.612701
69.195000 75.608498
69.464996 75.701897
70.692497 76.869499
69.879997 75.853302
70.550003 76.657898
69.900002 77.004402
75.030998 76.401398
70.614998 76.049500
71.474998 76.707901
72.099998 76.198196
73.221001 77.204300
73.004997 78.263298
73.074997 78.055000
74.064003 78.535400
73.565002 79.005096
73.964996 79.108902
74.680000 79.686501
73.964996 79.134804
75.463997 77.974098
74.614998 79.512703
74.864998 79.434402
75.364998 79.904404
75.980003 80.176102
74.614998 79.191704
75.014999 79.375900
75.230003 80.295700
75.489998 80.052002
75.364998 80.176102
75.364998 80.564201
75.565002 79.738403
76.014999 80.228302
75.815002 80.275101
76.165001 80.013496
75.514999 81.015297
75.714996 81.260101
5.000000 80.535896
76.464996 81.192596
76.925003 80.106903
77.464996 83.067802
77.214996 83.224701
76.889999 83.612999
75.964996 82.341499
77.245003 83.156502
76.500000 82.706902
76.525002 82.978897
77.290001 83.838997
77.239998 84.256203
77.964996 84.555298
78.614998 85.794800
79.264999 86.892403
80.165001 87.445602
81.165001 88.682098
81.065002 88.682098
81.625000 88.682098
81.065002 88.532402
82.014999 90.234100
81.665001 90.286301
81.514999 89.500000
82.014999 89.639198
81.764999 89.771004
81.665001 89.473297
81.764999 89.713898
81.415001 89.501099
81.459999 90.104500
80.816002 89.694099
81.764999 90.343597
81.815002 90.288300
80.415001 87.750000
80.665001 88.667702
80.074997 88.196602
79.464996 87.994102
78.464996 86.691399
77.775002 85.734299
77.690002 85.454102
77.964996 85.514702
77.690002 83.594704
76.964996 84.021797
77.324997 83.931297
79.714996 86.707703
80.455002 87.447899
79.714996 86.428596
80.364998 86.626503
80.065002 85.900002
80.464996 87.024101
80.125000 86.319801
80.065002 86.151100
79.989998 85.814301
78.964996 84.723000
80.214996 85.919197
79.610001 80.683998
81.514999 87.196899
80.964996 87.151497
80.764999 86.516098
80.565002 86.326202
81.315002 87.023697
81.514999 87.311096
81.974998 88.422798
82.690002 88.916603
83.845001 90.270203
83.915001 90.569199
83.964996 91.076698
83.445000 91.358902
83.464996 91.303001
83.815002 91.593201
84.713997 91.559700
83.614998 91.943604
80.949997 88.722702
83.614998 91.098701
84.375000 92.086800
85.339996 93.540901
85.855003 93.873100
86.824997 94.394897
87.915001 94.500000
89.470001 97.666901
89.964996 99.021698
91.214996 99.047401
91.214996 99.366798
91.224998 99.500000
90.514999 100.260201
90.464996 99.672203
90.464996 100.812500
90.095001 101.142799
90.214996 101.337196
90.570000 101.808296
90.964996 102.179398
91.915001 103.025497
90.065002 100.312798
90.464996 100.677002
90.415001 100.060303
90.165001 99.666496
89.964996 99.697502
90.665001 99.574997
92.025002 99.400002
91.614998 100.785797
92.375000 101.707100
94.014999 102.924797
94.964996 103.463699
95.839996 103.400002
95.714996 104.949997
97.169998 106.488602
96.839996 106.337601
96.989998 106.542603
99.959999 106.500000
96.964996 107.419098
98.464996 106.861298
94.463997 102.802399
94.464996 102.081703
95.165001 101.500000
93.464996 101.874001
94.464996 102.215897
94.966003 102.115501
94.464996 102.422699
95.464996 102.099998
94.464996 102.237801
95.389999 103.715302
96.264999 105.043404
95.839996 103.960503
96.370003 103.000000
96.214996 104.573700
96.735001 105.046898
97.764999 105.545403
98.464996 105.361504
97.714996 104.199997
95.014999 102.494499
94.869003 103.236000
95.964996 103.254501
95.464996 102.434097
96.764999 102.250000
95.915001 102.587700
97.466003 104.120697
95.989998 102.275597
96.064003 102.450302
96.264999 101.750000
94.805000 101.515999
96.565002 102.126198
96.070000 101.972298
96.614998 102.078697
97.964996 102.250000
98.764999 104.139999
100.964996 104.751900
99.464996 105.404297
100.089996 105.590401
100.964996 104.500000
99.214996 105.404297
100.264801 101.319801
97.716003 103.798698
97.690002 102.960503
97.665001 102.050003
97.315002 102.738701
97.995003 103.679199
98.074997 103.360901
96.150002 102.481300
95.415001 100.000000
94.464996 100.823799
93.445000 99.020599
93.964996 99.314697
93.614998 98.927902
94.165001 97.099998
92.519997 98.238403
93.290001 98.720802
92.574997 97.875603
93.239998 99.071297
91.695999 98.750000
92.620003 99.289497
92.065002 98.509804
91.815002 98.354103
91.639999 97.789497
92.169998 97.900002
91.879997 98.330002
90.500000 98.480003
89.419998 97.042999
89.315002 96.938904
89.339996 95.400002
88.519997 96.869797
88.209999 96.281502
88.364998 96.241501
88.239998 96.249702
89.245003 96.500000
89.040001 97.603500
88.845001 97.693398
88.665001 97.313202
89.940002 97.996300
91.190002 96.500000
91.464996 99.147797
90.177498 99.941902
92.764999 100.049698
92.400002 99.757698
92.120003 97.199997
90.925003 98.093399
90.264999 97.505997
89.315002 97.161499
89.489998 98.415298
90.614998 96.699997
90.489998 98.852600
90.440002 99.342003
90.055000 99.690300
92.860001 102.264099
92.089996 100.699997
91.957497 101.450897
91.595001 101.450897
91.610001 101.770699
88.440002 97.914299
89.214996 99.500000
89.214996 99.500000
90.394997 98.941299
91.964996 100.481201
91.315002 99.994499
90.894997 97.750000
90.894997 99.540604
90.894997 97.916199
90.889999 98.055298
89.889999 97.102303
89.889999 96.300003
89.889999 96.012299
87.949997 95.834198
88.620003 96.441399
88.620003 97.279198
89.419998 95.750000
87.989998 95.716599
87.989998 96.216599
88.690002 96.566200
88.000000 96.556503
88.000000 97.150002
89.269997 96.715599
89.739998 97.174599
89.980003 97.173897
90.410004 98.380699
90.989998 98.250000
90.989998 97.260696
90.510002 97.510300
90.510002 98.671700
91.169998 98.250198
91.370003 97.500000
91.370003 98.261703
91.500000 97.976898
91.639999 98.348801
92.269997 99.481697
92.269997 98.750000
92.470001 99.500801
92.099998 99.833199
92.099998 99.865997
93.040001 100.694199
93.040001 99.000000
91.870003 100.199402
91.870003 99.768997
91.870003 99.220596
91.489998 98.613602
91.489998 97.099998
91.489998 99.288399
91.610001 98.778900
90.809998 98.908897
90.809998 99.254501
90.940002 98.599998
90.489998 99.421799
91.720001 100.251701
91.339996 100.049301
91.339996 99.624603
92.519997 99.500000
92.519997 99.726303
91.440002 100.452003
91.440002 100.888397
92.349998 99.789703
92.120003 98.900002
92.474998 100.681503
92.470001 100.163498
92.440002 99.960297
92.440002 99.882103
92.570000 99.400002
92.279999 99.882103
92.279999 99.567497
92.449997 100.032600
92.449997 99.962700
92.570000 99.500000
92.620003 100.385696
92.620003 100.871399
92.889999 100.211403
92.889999 100.045502
93.300003 99.084602
93.300003 99.343498
93.300003 99.991798
94.139999 100.364601
93.699997 99.966904
93.699997 98.900002
93.019997 99.775200
93.019997 99.746101
93.470001 98.776299
92.269997 98.879501
92.269997 97.500000
93.419998 99.809898
93.419998 99.708702
93.260002 98.800003
93.260002 97.773102
93.260002 97.699997
91.070000 98.351601
91.070000 98.307503
91.279999 98.597900
91.620003 99.779701
91.620003 99.322403
91.620003 98.860802
91.320000 98.762100
90.745003 99.304604
90.745003 98.749802
90.745003 98.948303
90.290001 98.498901
90.320000 98.235497
90.320000 97.637497
91.620003 99.066399
91.620003 97.190697
91.620003 96.602798
91.620003 96.113098
89.570000 96.751701
89.570000 97.748901
90.419998 96.949997
89.320000 97.423203
88.529999 96.678497
89.045494 96.830299
89.320488 97.284302
88.834251 95.750000
88.870018 95.654800
89.246269 95.849602
88.997093 96.229897
87.875351 94.361397
88.064362 94.250000
88.720406 95.289299
85.371658 91.685303
83.496254 89.737602
87.372444 93.540497
87.344215 93.349998
87.995415 94.444603
87.497948 93.701500
88.245384 94.246101
84.996307 91.014900
85.509102 91.815399
86.747047 93.136002
87.846222 94.417999
88.495430 95.495399
88.997490 96.209396
87.193459 94.400002
86.619637 93.820000
86.490700 93.537102
88.345032 95.705498
86.997086 94.585899
86.766800 94.449997
87.994293 95.901901
88.496254 96.479500
88.480103 96.810501
88.396698 96.362999
86.884720 94.699997
87.844658 95.660202
87.845520 95.305801
86.236908 93.476501
84.994286 92.228996
84.995621 92.250000
86.395805 93.467300
85.747467 92.743599
85.996269 93.078102
85.514488 92.243202
84.139519 91.800003
84.872475 92.934898
85.666542 93.603203
85.727356 93.688004
86.744171 94.685600
86.799545 94.850197
90.995522 99.512703
90.496338 99.515198
89.795135 98.883301
88.921532 97.573601
89.464272 98.628098
89.996033 99.771400
91.148865 101.425903
91.496803 102.052803
91.496414 101.712402
90.261452 100.980003
92.000572 102.708000
91.494766 102.266899
91.493950 101.783401
91.496429 101.378502
90.677383 100.150002
89.795570 99.378998
87.872513 97.087303
87.499641 96.948700
88.248421 98.051498
89.154449 98.849998
90.540169 99.915604
90.998856 100.282097
91.568825 100.824600
89.196411 98.809998
89.736244 99.500000
91.396355 101.718201
91.496063 101.766502
93.622696 104.041496
92.170151 102.859100
91.749283 102.400002
91.469299 101.638901
92.797218 103.848900
92.496483 102.954102
92.606041 103.514099
94.228729 105.258202
92.999352 103.564102
95.846893 106.041100
95.646812 105.658203
94.492508 104.279099
94.796669 104.000000
96.196365 105.570702
96.744614 106.181503
97.000320 106.129501
96.595421 105.609299
95.882385 104.199997
95.590630 104.284599
96.994972 105.573700
97.496826 105.867897
97.394958 105.469002
94.953308 103.199997
96.794556 104.686699
95.742767 103.374901
95.950836 103.439796
96.244576 104.175102
97.243370 104.985397
97.244553 105.183601
97.495445 105.492996
97.019058 105.349602
97.373138 105.983803
97.021309 105.500000
98.995445 107.642700
97.795876 106.930496
97.218163 104.332100
97.998169 105.779198
97.064270 104.000000
95.994507 102.347900
98.246681 104.303596
98.494400 104.045502
99.578423 104.850098
99.981674 105.316200
99.745811 105.677200
100.572647 106.679398
100.597137 106.086304
101.296661 106.048500
103.704269 108.680000
104.010147 108.606903
105.492706 110.672401
113.141022 119.505798
107.993790 114.058197
106.503036 112.300003
106.485077 111.825302
104.995430 110.349701
104.999809 110.372200
100.991547 106.904602
97.965439 103.500000
99.995361 105.544098
103.045815 108.519600
105.500259 110.833298
104.996277 109.969398
104.075996 109.007004
