97437 426828 471752
323909 427939 481527
306740 97148 248779
932607 878685 903857
659265 939371 678735
784193 253182 157338
56975 230658 484204
408925 158818 752635
472712 650636 476163
400186 468319 909157
230484 712597 885086
403726 894316 67895
878136 702645 69846
663003 893100 379657
51365 167475 815975
337909 786020 908351
893696 924886 494233
714269 64589 863502
365537 659153 908997
666982 781779 304815
291140 186053 337327
743538 115800 956413
180835 1432 77582
823713 388281 198663
547733 662884 149454
316243 654255 605068
258871 666975 829047
972208 661892 524876
815135 633676 208291
689440 225665 687804
74372 598173 604840
418253 851252 429367
326011 426944 590395
374500 237289 894590
996259 507153 496615
227205 913838 465393
458843 13734 568039
13010 453464 215218
235428 37877 742349
750514 88324 514710
491995 281983 979398
542836 160433 673030
343993 66694 208369
403108 928217 790102
366402 310178 514949
421702 47827 35168
945396 93816 970940
298180 248477 382343
149070 439451 702117
194278 193268 292289
168452 385086 145784
660533 425349 664226
665791 174813 568599
221649 903150 266430
943752 602790 189571
588728 438081 273750
825274 374686 867143
163084 953379 39632
664444 691524 307704
267106 270761 490738
385686 884377 376556
285462 153887 364324
27387 266531 713436
676681 752718 731509
846292 17533 390227
924928 571520 375947
45870 103088 388813
379059 374862 316285
345340 661018 949319
33719 436931 192858
37383 732831 830910
992238 468537 912438
636778 24450 46463
602585 23930 603165
216395 78644 588975
340581 666965 63519
399458 710346 356266
219513 298202 903939
291391 798428 137028
577513 624619 388335
324596 928583 872142
922341 89035 29583
675522 389815 504663
637030 846923 895288
332741 825695 948394
604768 758368 458022
290787 127309 935944
295378 655161 894618
991206 55177 688607
311458 392040 254195
498090 37272 847566
978218 564713 22890
601780 494960 995690
394816 601596 347424
5347 869087 341876
34393 828648 739481
264638 225642 541236
121524 192044 440996
381607 598428 737106
605363 80833 509131